1100001011001
10000010001100011
1101010011011010
10100011010110110
1100000100110100
10001000000100011
1010011110110000
101101010011010
10001010011110100
1000101001011100
11000010110101111
10010100100001101
10001000000100111
10011110000001000
11011110101101
10011001000110011
10111000111011111
10111100110101001
1100110000101001
10111011111101001
1101000000110110
1000101011101000
1101000011010111
1001000010111101
1101101101000101
10100010100010001
111001001001010
100110110111010
10110111100000111
11001011
100101100000011
101001011000
1000101000011
1000011011001010
10110000010000110
1110000000011100
1010111100011010
1101110110011111
10010001001001111
10111110000001011
10011010111100010
10010100001011100
1100000000001
1001111100001000
10110011001100010
110110000100100
11000111101011
1110000100101100
10011010011111100
1001111000010111
111110000101100
1111010010011100
1010101101100100
11110111100111
10001100010000
1111100100000
1011101001011111
11011100000011
10010001000111
1111010111101011
10001111110010000
10011110110000110
1001000010111101
10110111100011011
10111110101110010
1000011110101101
1001001110110
1100011100100
10110011011001010
10101100110110011
11101101100101
1110111001001100
10001000100110110
10001100011000111
101001110001000
1101100110010100
1000000111111101
1011000001110110
110110101000
1100000110101110
10011011011001110
111001000001111
1110011101000011
10101101111101111
11000001100110001
1111001101001100
10101010001011000
100010100010010
1111000000000101
11000110000110
10001111101111000
10000100010111010
10000001011001101
11000001111100011
101001011110101
10101110000000010
10001111001011010
11011101111110
10010011111100001
10100101111000
